[[2257004070881841468107663904217901547476891181537828743791599060460587021325024445528655636042747155066812598789519317613714106741837227214576306606926715443703847277161682680195759 0 0 0 0 0 0 0 0 0 0 0 0 0 0 0 0 0 0 0 0 0 0 0 0 0 0 0 0 0 0 0 0 0 0 0 0 0 0 0 0 0 0 0 0 0 0 0 0 0 0 0 0 0 0 0 0 0 0 0]
[1137983718901816142270394825923261448074229462607366780547493903834758335302035125877918965241409124651337150177010674942750943514965783842355132037892269752033423743210927872861579 1 0 0 0 0 0 0 0 0 0 0 0 0 0 0 0 0 0 0 0 0 0 0 0 0 0 0 0 0 0 0 0 0 0 0 0 0 0 0 0 0 0 0 0 0 0 0 0 0 0 0 0 0 0 0 0 0 0 0]
[1547473030423925208213000822109053527055701326246128044323451245270610429275945841670503627710704755668811024383436066306616330089851091014616050786227300229674977277161913526392328 0 1 0 0 0 0 0 0 0 0 0 0 0 0 0 0 0 0 0 0 0 0 0 0 0 0 0 0 0 0 0 0 0 0 0 0 0 0 0 0 0 0 0 0 0 0 0 0 0 0 0 0 0 0 0 0 0 0 0]
[372643097237333492083459944649355839416241370361458732991653515886271922577575584455818979436280139451553242563818861966291841485656432654049753313857895968617753217131597156162863 0 0 1 0 0 0 0 0 0 0 0 0 0 0 0 0 0 0 0 0 0 0 0 0 0 0 0 0 0 0 0 0 0 0 0 0 0 0 0 0 0 0 0 0 0 0 0 0 0 0 0 0 0 0 0 0 0 0 0]
[1559764577288128331670743256556804524160260458064992582279418730888165683315347336789032327991024749152554787950114934379323989556958601572401869810144643069775895994830424431828716 0 0 0 1 0 0 0 0 0 0 0 0 0 0 0 0 0 0 0 0 0 0 0 0 0 0 0 0 0 0 0 0 0 0 0 0 0 0 0 0 0 0 0 0 0 0 0 0 0 0 0 0 0 0 0 0 0 0 0]
[547700269353539306545197683026427564665480632918307025708187428484579653465393328573102114387780378423358707206826270820498638498786926340001760831805188434786750946065858701178393 0 0 0 0 1 0 0 0 0 0 0 0 0 0 0 0 0 0 0 0 0 0 0 0 0 0 0 0 0 0 0 0 0 0 0 0 0 0 0 0 0 0 0 0 0 0 0 0 0 0 0 0 0 0 0 0 0 0 0]
[328811436517939709375686827771646068481744799527956805807532109182966916311278632599812310160124698796053159484745666396511204143080426244084287282047555534478186421412601206888302 0 0 0 0 0 1 0 0 0 0 0 0 0 0 0 0 0 0 0 0 0 0 0 0 0 0 0 0 0 0 0 0 0 0 0 0 0 0 0 0 0 0 0 0 0 0 0 0 0 0 0 0 0 0 0 0 0 0 0]
[2164532051665130277434327803380370211190942968461304910444815726677028415122732544113085123269705143027914575976359539463785993065316814558771074513836817815019149798841112710755437 0 0 0 0 0 0 1 0 0 0 0 0 0 0 0 0 0 0 0 0 0 0 0 0 0 0 0 0 0 0 0 0 0 0 0 0 0 0 0 0 0 0 0 0 0 0 0 0 0 0 0 0 0 0 0 0 0 0 0]
[1535910523962637745589363290788542339448906599847814722208021243162234490246785912963860415686244255289862354824281186209240143050969147092026295520596027424456581561409629098441115 0 0 0 0 0 0 0 1 0 0 0 0 0 0 0 0 0 0 0 0 0 0 0 0 0 0 0 0 0 0 0 0 0 0 0 0 0 0 0 0 0 0 0 0 0 0 0 0 0 0 0 0 0 0 0 0 0 0 0]
[484190966750874392803140058465896985563866215808982301496685322413562282078084826208839094361556885268868062317559750666604861015966756184762403491481693914598682714074789642752807 0 0 0 0 0 0 0 0 1 0 0 0 0 0 0 0 0 0 0 0 0 0 0 0 0 0 0 0 0 0 0 0 0 0 0 0 0 0 0 0 0 0 0 0 0 0 0 0 0 0 0 0 0 0 0 0 0 0 0]
[712602702339316901889171947688848051766763619510649514595410101187393453174803784765984588182155794127126766376530905447351978006630454537086592770490163783627517778153459989156134 0 0 0 0 0 0 0 0 0 1 0 0 0 0 0 0 0 0 0 0 0 0 0 0 0 0 0 0 0 0 0 0 0 0 0 0 0 0 0 0 0 0 0 0 0 0 0 0 0 0 0 0 0 0 0 0 0 0 0]
[1593623956405217960841451897360886453875638888180529277605311380971348225094559822967960567681587199334053962183302863381304845470532304852096306499067999293449339482865187580472501 0 0 0 0 0 0 0 0 0 0 1 0 0 0 0 0 0 0 0 0 0 0 0 0 0 0 0 0 0 0 0 0 0 0 0 0 0 0 0 0 0 0 0 0 0 0 0 0 0 0 0 0 0 0 0 0 0 0 0]
[2183174406712131801585810246857064393145533175574083535116498816249934706745458009149428387523915533322087850951744726112694705201037094042578206762308912458676348545387014354952803 0 0 0 0 0 0 0 0 0 0 0 1 0 0 0 0 0 0 0 0 0 0 0 0 0 0 0 0 0 0 0 0 0 0 0 0 0 0 0 0 0 0 0 0 0 0 0 0 0 0 0 0 0 0 0 0 0 0 0]
[878554049353947103415631255442621290208045944964378146615683164448231437330928923919873266096699834989414880309965712369042617603032462985473650135310087186125625948241335661978951 0 0 0 0 0 0 0 0 0 0 0 0 1 0 0 0 0 0 0 0 0 0 0 0 0 0 0 0 0 0 0 0 0 0 0 0 0 0 0 0 0 0 0 0 0 0 0 0 0 0 0 0 0 0 0 0 0 0 0]
[1810691225871862554876962999379523798399198588418202952353000321468320693803976565616461411611048309122943359932751821979496726939620099650535178509039440094968621756573610438738155 0 0 0 0 0 0 0 0 0 0 0 0 0 1 0 0 0 0 0 0 0 0 0 0 0 0 0 0 0 0 0 0 0 0 0 0 0 0 0 0 0 0 0 0 0 0 0 0 0 0 0 0 0 0 0 0 0 0 0]
[2100255261489743014515838414403624770275150131454389407885044996836354826772373772744777001265395374170857034671945597666725014661725849835237499271394354373578456227323153274282940 0 0 0 0 0 0 0 0 0 0 0 0 0 0 1 0 0 0 0 0 0 0 0 0 0 0 0 0 0 0 0 0 0 0 0 0 0 0 0 0 0 0 0 0 0 0 0 0 0 0 0 0 0 0 0 0 0 0 0]
[254183035372516082541480186771839556477349157795189790701119883046700728322001917104513683323581517306167414635781578373781086302584243217823933150863927864938889080610947599792027 0 0 0 0 0 0 0 0 0 0 0 0 0 0 0 1 0 0 0 0 0 0 0 0 0 0 0 0 0 0 0 0 0 0 0 0 0 0 0 0 0 0 0 0 0 0 0 0 0 0 0 0 0 0 0 0 0 0 0]
[1779018018805163423681942991631619285904528011523256773260990547004293152570095144745444230800096654666898505117838137046491175021936902967282550638136432864367361993115245867458093 0 0 0 0 0 0 0 0 0 0 0 0 0 0 0 0 1 0 0 0 0 0 0 0 0 0 0 0 0 0 0 0 0 0 0 0 0 0 0 0 0 0 0 0 0 0 0 0 0 0 0 0 0 0 0 0 0 0 0]
[1516151535663852067160664824065547151621997741685158545186106850316390680513296198133060862567673722983148099811684391732583402987546670341077605118682678279728176335084484192581810 0 0 0 0 0 0 0 0 0 0 0 0 0 0 0 0 0 1 0 0 0 0 0 0 0 0 0 0 0 0 0 0 0 0 0 0 0 0 0 0 0 0 0 0 0 0 0 0 0 0 0 0 0 0 0 0 0 0 0]
[503822869113379603611951569117210508562237830883253922208933596967913041294647435574606394872233924087652095242102206241084637933592556360900585055339756729123081872118621797243722 0 0 0 0 0 0 0 0 0 0 0 0 0 0 0 0 0 0 1 0 0 0 0 0 0 0 0 0 0 0 0 0 0 0 0 0 0 0 0 0 0 0 0 0 0 0 0 0 0 0 0 0 0 0 0 0 0 0 0]
[1280780373749775528715701226953235087736428045553177012057877737867594119214550253277255714708567294710154677482873278174713596511351831073108859239266814644330713678301080961135768 0 0 0 0 0 0 0 0 0 0 0 0 0 0 0 0 0 0 0 1 0 0 0 0 0 0 0 0 0 0 0 0 0 0 0 0 0 0 0 0 0 0 0 0 0 0 0 0 0 0 0 0 0 0 0 0 0 0 0]
[1991814018098983468559607344198389566151626609722929446280623001318197878830489285219721648950717515218060994684770217930563243445033203526373063210942382387525325769550483252148411 0 0 0 0 0 0 0 0 0 0 0 0 0 0 0 0 0 0 0 0 1 0 0 0 0 0 0 0 0 0 0 0 0 0 0 0 0 0 0 0 0 0 0 0 0 0 0 0 0 0 0 0 0 0 0 0 0 0 0]
[645162558485005596290635700098502105879820670099118892381907660964787229498181565539975849361920469774733712071256871905693720190207071182746639670368473262850402410356649310808339 0 0 0 0 0 0 0 0 0 0 0 0 0 0 0 0 0 0 0 0 0 1 0 0 0 0 0 0 0 0 0 0 0 0 0 0 0 0 0 0 0 0 0 0 0 0 0 0 0 0 0 0 0 0 0 0 0 0 0]
[1955771887176607387697544077220490133027001707627154207997357274145107629990474055440710880527974753244295731137609565159354661248884021294790868642816392096311890582110105568447341 0 0 0 0 0 0 0 0 0 0 0 0 0 0 0 0 0 0 0 0 0 0 1 0 0 0 0 0 0 0 0 0 0 0 0 0 0 0 0 0 0 0 0 0 0 0 0 0 0 0 0 0 0 0 0 0 0 0 0]
[1935562990897736026730547324842011265743737636447087956590613949731738059946312085152659355677602774020373596619896109856583496706643013762463246295759563291063077903161502472547640 0 0 0 0 0 0 0 0 0 0 0 0 0 0 0 0 0 0 0 0 0 0 0 1 0 0 0 0 0 0 0 0 0 0 0 0 0 0 0 0 0 0 0 0 0 0 0 0 0 0 0 0 0 0 0 0 0 0 0]
[1183785629082249848015984060107969401078001089763419666661790689164393599917454137833698279529333934310593095670869830745169115739903140974513883357729965066423035045316864046892013 0 0 0 0 0 0 0 0 0 0 0 0 0 0 0 0 0 0 0 0 0 0 0 0 1 0 0 0 0 0 0 0 0 0 0 0 0 0 0 0 0 0 0 0 0 0 0 0 0 0 0 0 0 0 0 0 0 0 0]
[1453011267273539626734279272604225188360660475587600832975037494255313226930514721541365223212719455970213984706945216529924691477906950894776849208264339724029628538778763182173281 0 0 0 0 0 0 0 0 0 0 0 0 0 0 0 0 0 0 0 0 0 0 0 0 0 1 0 0 0 0 0 0 0 0 0 0 0 0 0 0 0 0 0 0 0 0 0 0 0 0 0 0 0 0 0 0 0 0 0]
[2126473195631627271906665638003474410132585966355429668240961603633782654167691187512816817021070748798564584906396005116680327144583071064372970364358190307780675143807820969240519 0 0 0 0 0 0 0 0 0 0 0 0 0 0 0 0 0 0 0 0 0 0 0 0 0 0 1 0 0 0 0 0 0 0 0 0 0 0 0 0 0 0 0 0 0 0 0 0 0 0 0 0 0 0 0 0 0 0 0]
[223983524697248284031871653860415598746081744960275962029055366714870535195005491611375424193123966360646529162689088073951164349579361603133824851597365254681613719479062741695709 0 0 0 0 0 0 0 0 0 0 0 0 0 0 0 0 0 0 0 0 0 0 0 0 0 0 0 1 0 0 0 0 0 0 0 0 0 0 0 0 0 0 0 0 0 0 0 0 0 0 0 0 0 0 0 0 0 0 0]
[359958452340477717215918218939206887666758791008843812741967382096248051366004972116379480420968948251071364229486934577615884790045510897634102858078628445750807375789610196886469 0 0 0 0 0 0 0 0 0 0 0 0 0 0 0 0 0 0 0 0 0 0 0 0 0 0 0 0 1 0 0 0 0 0 0 0 0 0 0 0 0 0 0 0 0 0 0 0 0 0 0 0 0 0 0 0 0 0 0]
[846471663013565606929773090755807393060250873483199237435720726340772097502432951803148832023367475658270537738192761968046842000981384892128070126879646626035656058277123860165638 0 0 0 0 0 0 0 0 0 0 0 0 0 0 0 0 0 0 0 0 0 0 0 0 0 0 0 0 0 1 0 0 0 0 0 0 0 0 0 0 0 0 0 0 0 0 0 0 0 0 0 0 0 0 0 0 0 0 0]
[1945597503636645957958451239680080263883483816663631961443132288122554113354594533056506868535676029812802904702815382815955806471064748769870394074813251186473100840937111253155918 0 0 0 0 0 0 0 0 0 0 0 0 0 0 0 0 0 0 0 0 0 0 0 0 0 0 0 0 0 0 1 0 0 0 0 0 0 0 0 0 0 0 0 0 0 0 0 0 0 0 0 0 0 0 0 0 0 0 0]
[532400696112678009025709801403280452023901350984289905600177332969330642101743749221972022721799417287510162540680977464437732228051746108153203131696755077491769621277543236071248 0 0 0 0 0 0 0 0 0 0 0 0 0 0 0 0 0 0 0 0 0 0 0 0 0 0 0 0 0 0 0 1 0 0 0 0 0 0 0 0 0 0 0 0 0 0 0 0 0 0 0 0 0 0 0 0 0 0 0]
[899216988782140231436240225121589880185184746349046758702528512343506708317322396503205056442171003177686266187546180753388766568712625923093415427351167258134953020224331347925072 0 0 0 0 0 0 0 0 0 0 0 0 0 0 0 0 0 0 0 0 0 0 0 0 0 0 0 0 0 0 0 0 1 0 0 0 0 0 0 0 0 0 0 0 0 0 0 0 0 0 0 0 0 0 0 0 0 0 0]
[631107064627958798730352085377767790682115437950575774777082159069911458210338486610118106227785905554225873213069936981088483835125760905546287821257267991800830996395574355280141 0 0 0 0 0 0 0 0 0 0 0 0 0 0 0 0 0 0 0 0 0 0 0 0 0 0 0 0 0 0 0 0 0 1 0 0 0 0 0 0 0 0 0 0 0 0 0 0 0 0 0 0 0 0 0 0 0 0 0]
[241601053132443988741017330481527186357107810704256400773626470186182914747087749668648807493821706086955065295760522639384217122247559459532541092931133567980493111539910085774899 0 0 0 0 0 0 0 0 0 0 0 0 0 0 0 0 0 0 0 0 0 0 0 0 0 0 0 0 0 0 0 0 0 0 1 0 0 0 0 0 0 0 0 0 0 0 0 0 0 0 0 0 0 0 0 0 0 0 0]
[1006140489492589371904739931472877411264420178706250020616136419287960561098574598556129538957257656091933809318954480185167348784850138725262983491115710620294858775483500837834226 0 0 0 0 0 0 0 0 0 0 0 0 0 0 0 0 0 0 0 0 0 0 0 0 0 0 0 0 0 0 0 0 0 0 0 1 0 0 0 0 0 0 0 0 0 0 0 0 0 0 0 0 0 0 0 0 0 0 0]
[142690239470133091055534242711399205168630606135934980666002942256933835322581393693192797046405560562814954641871837475856800226170675047332044720991256512946101346667700993150280 0 0 0 0 0 0 0 0 0 0 0 0 0 0 0 0 0 0 0 0 0 0 0 0 0 0 0 0 0 0 0 0 0 0 0 0 1 0 0 0 0 0 0 0 0 0 0 0 0 0 0 0 0 0 0 0 0 0 0]
[2161518435761927831820481793516734197965228790942230346918968548852999156000986435703332067210507116548291375172342284233259729860588868859377382594307984718064366529285938562324855 0 0 0 0 0 0 0 0 0 0 0 0 0 0 0 0 0 0 0 0 0 0 0 0 0 0 0 0 0 0 0 0 0 0 0 0 0 1 0 0 0 0 0 0 0 0 0 0 0 0 0 0 0 0 0 0 0 0 0]
[557348619416210995021641493902222383578633444376596725248663794575329048181281280355794113167633462459798239863199420356090654830183796564289663062593142004981938248242756361107836 0 0 0 0 0 0 0 0 0 0 0 0 0 0 0 0 0 0 0 0 0 0 0 0 0 0 0 0 0 0 0 0 0 0 0 0 0 0 1 0 0 0 0 0 0 0 0 0 0 0 0 0 0 0 0 0 0 0 0]
[243916427543227487056130589029729159670481182975110850211270139926504825692076006482856944319205412634569288082363795970740310156135724861128904542187809872114473467696891248802380 0 0 0 0 0 0 0 0 0 0 0 0 0 0 0 0 0 0 0 0 0 0 0 0 0 0 0 0 0 0 0 0 0 0 0 0 0 0 0 1 0 0 0 0 0 0 0 0 0 0 0 0 0 0 0 0 0 0 0]
[1409698413816829997463413003494791486581117509648111146780941294127121658602354503881794351456584951045639530272638946885832455054912403562108068171931502530784026804689424987489337 0 0 0 0 0 0 0 0 0 0 0 0 0 0 0 0 0 0 0 0 0 0 0 0 0 0 0 0 0 0 0 0 0 0 0 0 0 0 0 0 1 0 0 0 0 0 0 0 0 0 0 0 0 0 0 0 0 0 0]
[135715070729720618045013961936426373227680761931663685262807940836191116091187465639860269721741354936180798806426560322407003329855302652623432131622023146956539280822682861820079 0 0 0 0 0 0 0 0 0 0 0 0 0 0 0 0 0 0 0 0 0 0 0 0 0 0 0 0 0 0 0 0 0 0 0 0 0 0 0 0 0 1 0 0 0 0 0 0 0 0 0 0 0 0 0 0 0 0 0]
[1951892422797928955172364127711581430598342764550289451320375620075463099541068900476114581084670872136294595376578781683235122886216790171295033101612965373228181405666050154408463 0 0 0 0 0 0 0 0 0 0 0 0 0 0 0 0 0 0 0 0 0 0 0 0 0 0 0 0 0 0 0 0 0 0 0 0 0 0 0 0 0 0 1 0 0 0 0 0 0 0 0 0 0 0 0 0 0 0 0]
[41144366199582488888153729197666572999011118645651768024748541721435928888752237689775586526974246167252557661275024565082624320694401616366233741026983495961679050138899315721354 0 0 0 0 0 0 0 0 0 0 0 0 0 0 0 0 0 0 0 0 0 0 0 0 0 0 0 0 0 0 0 0 0 0 0 0 0 0 0 0 0 0 0 1 0 0 0 0 0 0 0 0 0 0 0 0 0 0 0]
[577428177304514118194488814229018023346127853645958914365331833088139113591208231327570774808332346175231324245291159591953552724975996835802728927489479237470203127971830449741743 0 0 0 0 0 0 0 0 0 0 0 0 0 0 0 0 0 0 0 0 0 0 0 0 0 0 0 0 0 0 0 0 0 0 0 0 0 0 0 0 0 0 0 0 1 0 0 0 0 0 0 0 0 0 0 0 0 0 0]
[1680616839779540853218419895371531669437236689146571411730795931898574917332768594877171282170985369434998134562736937350807195244972311935629489530483140356615900529287994988131590 0 0 0 0 0 0 0 0 0 0 0 0 0 0 0 0 0 0 0 0 0 0 0 0 0 0 0 0 0 0 0 0 0 0 0 0 0 0 0 0 0 0 0 0 0 1 0 0 0 0 0 0 0 0 0 0 0 0 0]
[2091711965964320900347396622810017579148697569202060095973769769905357660066158654289120751197267899580027728117107057676747379969148384418415988181373189117597278784938271188414673 0 0 0 0 0 0 0 0 0 0 0 0 0 0 0 0 0 0 0 0 0 0 0 0 0 0 0 0 0 0 0 0 0 0 0 0 0 0 0 0 0 0 0 0 0 0 1 0 0 0 0 0 0 0 0 0 0 0 0]
[1087155950261700894534417444585905978045464829175774048383422102925622259237819453869030921028009243980595916468470109148139648585117584110977836529509303712727868238656514037183037 0 0 0 0 0 0 0 0 0 0 0 0 0 0 0 0 0 0 0 0 0 0 0 0 0 0 0 0 0 0 0 0 0 0 0 0 0 0 0 0 0 0 0 0 0 0 0 1 0 0 0 0 0 0 0 0 0 0 0]
[1183359566718318074500615473227851300774786843285314198539100297053870603045966496759796787451987301079053278294440914706450294267057501886624320027640612409632474427906538305329016 0 0 0 0 0 0 0 0 0 0 0 0 0 0 0 0 0 0 0 0 0 0 0 0 0 0 0 0 0 0 0 0 0 0 0 0 0 0 0 0 0 0 0 0 0 0 0 0 1 0 0 0 0 0 0 0 0 0 0]
[368969573601292004933400470891412487917928002716760857113739944814217217442214576538182350250051437913127359448113238428371045554221379409795039207363395020271544681930022511717178 0 0 0 0 0 0 0 0 0 0 0 0 0 0 0 0 0 0 0 0 0 0 0 0 0 0 0 0 0 0 0 0 0 0 0 0 0 0 0 0 0 0 0 0 0 0 0 0 0 1 0 0 0 0 0 0 0 0 0]
[1714781896885011486582689220969175894641374004048292899865937196327584017407025057401381239447227616368129234743318939830796363411531554459328662439306379376066105356428607336687698 0 0 0 0 0 0 0 0 0 0 0 0 0 0 0 0 0 0 0 0 0 0 0 0 0 0 0 0 0 0 0 0 0 0 0 0 0 0 0 0 0 0 0 0 0 0 0 0 0 0 1 0 0 0 0 0 0 0 0]
[1396001764394552392442980724310755434069847713705953655467734800564844545183168396931006560969853066510412463803185386199204189580621197410885120433187969740615238631428552387908735 0 0 0 0 0 0 0 0 0 0 0 0 0 0 0 0 0 0 0 0 0 0 0 0 0 0 0 0 0 0 0 0 0 0 0 0 0 0 0 0 0 0 0 0 0 0 0 0 0 0 0 1 0 0 0 0 0 0 0]
[1548157826904039791218765222568683254565928036538792709123958139474730278050712627420718850773024503983758925666836985615625495142124159578532086464806033729797419441986189280373481 0 0 0 0 0 0 0 0 0 0 0 0 0 0 0 0 0 0 0 0 0 0 0 0 0 0 0 0 0 0 0 0 0 0 0 0 0 0 0 0 0 0 0 0 0 0 0 0 0 0 0 0 1 0 0 0 0 0 0]
[319974674098913496284700315097106623740625442907572115639587497362975139019688331724836649914866443858197449490260336527790433900612034718879867020787857031683846479550695075404163 0 0 0 0 0 0 0 0 0 0 0 0 0 0 0 0 0 0 0 0 0 0 0 0 0 0 0 0 0 0 0 0 0 0 0 0 0 0 0 0 0 0 0 0 0 0 0 0 0 0 0 0 0 1 0 0 0 0 0]
[1800232788815671738205653889766330965345691383364784591697143501092110537064972158945013836472059818447405775872439686335912882228236306807769051380529790945680151340884287452340839 0 0 0 0 0 0 0 0 0 0 0 0 0 0 0 0 0 0 0 0 0 0 0 0 0 0 0 0 0 0 0 0 0 0 0 0 0 0 0 0 0 0 0 0 0 0 0 0 0 0 0 0 0 0 1 0 0 0 0]
[1740571366175049672361386533417936572806527313947302773939302438600916842504998370217598707348747170571683611284249673704848623905321256076649776476283008334784319709698610651109959 0 0 0 0 0 0 0 0 0 0 0 0 0 0 0 0 0 0 0 0 0 0 0 0 0 0 0 0 0 0 0 0 0 0 0 0 0 0 0 0 0 0 0 0 0 0 0 0 0 0 0 0 0 0 0 1 0 0 0]
[743624313103622533283078079415654454826496882396548299306136462491335012991288441580866316876212455671627991587675795473789994548900052150090084566815254547656478491979374919170598 0 0 0 0 0 0 0 0 0 0 0 0 0 0 0 0 0 0 0 0 0 0 0 0 0 0 0 0 0 0 0 0 0 0 0 0 0 0 0 0 0 0 0 0 0 0 0 0 0 0 0 0 0 0 0 0 1 0 0]
[527421522088809066236462479597760469999910831307160508507380156703601673821875601885510828833002348107960011956089962874299894409546809951088967404269284138579027068115095906722272 0 0 0 0 0 0 0 0 0 0 0 0 0 0 0 0 0 0 0 0 0 0 0 0 0 0 0 0 0 0 0 0 0 0 0 0 0 0 0 0 0 0 0 0 0 0 0 0 0 0 0 0 0 0 0 0 0 1 0]
[1111472923211484527330078825037653169802822298089543689555915994845343571637789564361710456344280386946880097514395820607847192675892067890630487590092387582772381956503081635106084 0 0 0 0 0 0 0 0 0 0 0 0 0 0 0 0 0 0 0 0 0 0 0 0 0 0 0 0 0 0 0 0 0 0 0 0 0 0 0 0 0 0 0 0 0 0 0 0 0 0 0 0 0 0 0 0 0 0 1]]
